1 0.9386666666666666 0.11033333333333334 0.12266666666666666 0.22066666666666668
1 0.31493 0.57867 0.6183333333333333 0.8426566666666666
1 0.74098 0.5116666666666667 0.5127933333333333 0.687
1 0.06133333333333333 0.10483333333333333 0.12266666666666666 0.20966666666666667
1 0.1885 0.10765 0.119 0.21530333333333332
1 0.31216666666666665 0.11716666666666667 0.122 0.23433333333333334
1 0.43466666666666665 0.11083333333333334 0.129 0.22166666666666668
1 0.5503333333333333 0.1115 0.143 0.223
1 0.6838333333333333 0.10516666666666667 0.11633333333333333 0.21033333333333334
1 0.8033333333333333 0.10766666666666666 0.143 0.21533333333333332
