0 0.14907499999999999 0.5676970633693972 0.23208 0.21367851622874806
1 0.113645 0.5379366306027821 0.100455 0.21242658423493044
1 0.21074 0.5331684698608964 0.102455 0.20788253477588872
1 0.5883200000000001 0.6823956723338486 0.1288 0.30374034003091194
0 0.50575 0.6886012364760432 0.225695 0.3591885625965997
1 0.50854 0.592047913446677 0.10811499999999999 0.20788253477588872
0 0.7616799999999999 0.6790726429675426 0.24915 0.3519397217928903
1 0.836945 0.6826197836166924 0.146895 0.30572642967542507
1 0.75076 0.6175734157650695 0.11318 0.27202472952086554
0 0.588055 0.5555795981452859 0.199575 0.23465224111282842
1 0.65738 0.541885625965997 0.077375 0.20345440494590417
1 0.5800449999999999 0.500919629057187 0.071835 0.1706955177743431
0 0.29403500000000005 0.49190108191653786 0.18118 0.1721561051004637
1 0.34275 0.46406491499227204 0.091 0.16924265842349304
1 0.26869 0.46331530139103555 0.071375 0.1691035548686244
1 0.42702999999999997 0.4220401854714065 0.067855 0.14430448222565687
1 0.48832 0.3874884080370943 0.061295 0.12809119010819164
1 0.956795 0.605370942812983 0.086405 0.2563369397217929
1 0.8619199999999999 0.5464605873261206 0.09816 0.22507727975270478
0 0.11183 0.496468315301391 0.19441 0.17931221020092736
0 0.7457999999999999 0.3318778979907264 0.18574000000000002 0.08793663060278208
0 0.49309 0.3063292117465224 0.16041999999999998 0.06584234930448223
0 0.33920999999999996 0.30038639876352397 0.150735 0.05639103554868624
0 0.18237 0.302967542503864 0.163845 0.059598145285935086
0 0.12951 0.25774343122102006 0.209435 0.06347758887171562
0 0.5139900000000001 0.2685703245749613 0.19141 0.08708655332302936
0 0.801855 0.2780216383307573 0.233 0.08634466769706338
