4 0.617672 0.249979 0.039906 0.04875
4 0.603219 0.144198 0.081781 0.115938
4 0.278297 0.164583 0.081781 0.115917
4 0.102453 0.093208 0.125719 0.169417
4 0.440773 0.193292 0.156359 0.229417
4 0.593516 0.325687 0.039906 0.04875
4 0.694969 0.163906 0.081781 0.188479
4 0.843555 0.203427 0.163047 0.272687
4 0.749437 0.349344 0.081781 0.115937
4 0.511016 0.400302 0.109531 0.115938
4 0.493305 0.502208 0.055078 0.072708
4 0.550664 0.532823 0.081797 0.115937
4 0.310797 0.433438 0.081781 0.115917
4 0.427367 0.51249 0.081797 0.115938
4 0.642867 0.47424 0.113328 0.215271
4 0.103414 0.390115 0.158266 0.245813
