13 0.608582 0.80384 0.119914 0.259264
13 0.755496 0.793271 0.137195 0.284236
13 0.909434 0.799035 0.144758 0.303431
13 0.818695 0.604104 0.136109 0.301514
13 0.700406 0.61275 0.085344 0.226611
13 0.605879 0.614674 0.084258 0.218931
13 0.455184 0.59066 0.14368 0.286153
13 0.283422 0.595465 0.165281 0.288069
13 0.455723 0.306437 0.14043 0.301514
0 0.453563 0.804792 0.209578 0.222778
13 0.093832 0.676125 0.17932 0.410972
13 0.068988 0.833604 0.114508 0.215097
13 0.188355 0.822083 0.115586 0.222778
13 0.293684 0.817285 0.103711 0.232375
