1 0.6478571428571429 0.5679405520169851 0.16 0.3821656050955414
1 0.7928857142857143 0.5021231422505308 0.12342857142857144 0.3099787685774947
1 0.9021428571428571 0.4288747346072187 0.13 0.26963906581740976
1 0.32599999999999996 0.5182377919320594 0.1442142857142857 0.3556687898089172
1 0.5071428571428571 0.3980891719745223 0.12714285714285714 0.19745222929936307
1 0.635 0.3609341825902335 0.09857142857142857 0.14012738853503184
1 0.7484428571428571 0.35857749469214434 0.08968571428571429 0.22033970276008494
1 0.5283428571428571 0.3318471337579618 0.0851857142857143 0.20721868365180465
1 0.425 0.3174097664543524 0.09857142857142857 0.14012738853503184
1 0.2182285714285714 0.3342462845010616 0.09308571428571429 0.2134607218683652
1 0.342 0.30180467091295116 0.0803 0.20021231422505306
1 0.6372714285714285 0.2653927813163482 0.0772 0.12314225053078556
1 0.4494571428571429 0.7283864118895966 0.18402857142857143 0.5183227176220807
