1 0.3387428571428571 0.5184318181818182 0.12359999999999999 0.35734090909090904
1 0.8785285714285714 0.4446363636363636 0.11354285714285715 0.2879772727272727
1 0.5307142857142857 0.29318181818181815 0.09714285714285714 0.175
1 0.5442857142857143 0.2159090909090909 0.06571428571428571 0.11818181818181818
1 0.5085714285714286 0.3965909090909091 0.09714285714285714 0.175
1 0.2712857142857143 0.4102954545454546 0.10315714285714285 0.26186363636363635
1 0.44228571428571434 0.25381818181818183 0.08428571428571428 0.12272727272727273
1 0.35009999999999997 0.27725 0.0798 0.14322727272727273
1 0.2256142857142857 0.32770454545454547 0.09734285714285715 0.2258409090909091
1 0.6241571428571429 0.6015 0.18395714285714287 0.4089090909090909
1 0.7704857142857143 0.5157954545454545 0.13095714285714286 0.34095454545454545
1 0.6277285714285714 0.26731818181818184 0.07241428571428571 0.12045454545454545
1 0.4309428571428572 0.7277727272727273 0.22107142857142856 0.5237272727272727
1 0.6206 0.35909090909090907 0.09945714285714287 0.175
1 0.7318428571428571 0.3331590909090909 0.09347142857142858 0.17602272727272728
