4 0.842135 0.158833 0.041146 0.107542
4 0.786841 0.315172 0.055901 0.11049
4 0.780641 0.170682 0.069135 0.15301
4 0.760651 0.219677 0.027865 0.056687
4 0.942724 0.084292 0.027865 0.056687
4 0.895805 0.068547 0.039016 0.100198
4 0.05513 0.103542 0.11026 0.207083
4 0.661062 0.142896 0.11026 0.207083
4 0.51574 0.197057 0.086469 0.151594
4 0.308328 0.687198 0.11026 0.207083
4 0.158391 0.580167 0.188219 0.352375
4 0.363164 0.228906 0.212005 0.457813
4 0.581896 0.842104 0.11026 0.207083
4 0.625385 0.402854 0.135583 0.270958
4 0.950742 0.626573 0.098516 0.207083
4 0.841451 0.730891 0.046995 0.10801
4 0.808951 0.622917 0.066859 0.123958
4 0.937188 0.213437 0.073229 0.154792
4 0.963411 0.413625 0.073177 0.154792
4 0.842688 0.285677 0.035979 0.099479
4 0.877534 0.197568 0.035984 0.099469
