9 0.069824 0.75508 0.082492 0.377508
9 0.192324 0.73758 0.062508 0.407492
9 0.559824 0.72508 0.072492 0.447508
9 0.67857 0.73758 0.075 0.457492
9 0.79857 0.74008 0.085 0.427508
9 0.304824 0.233834 0.052492 0.37
9 0.18107 0.233834 0.05 0.37
9 0.059824 0.22508 0.052492 0.367508
9 0.42107 0.23758 0.06 0.392508
9 0.547324 0.23258 0.057492 0.377492
9 0.66607 0.238834 0.07 0.4
9 0.792324 0.241334 0.062508 0.395
9 0.909026 0.238618 0.045719 0.402284
9 0.433594 0.74262 0.059425 0.413706
9 0.314744 0.741478 0.050288 0.411422
